10
0 9 27 26 38 5 22 24 27 38 
9 0 8 23 9 11 31 37 20 19 
27 8 0 22 1 39 16 11 18 2 
26 23 22 0 8 5 13 31 11 14 
38 9 1 8 0 33 1 21 35 7 
5 11 39 5 33 0 4 15 4 35 
22 31 16 13 1 4 0 20 20 34 
24 37 11 31 21 15 20 0 18 34 
27 20 18 11 35 4 20 18 0 10 
38 19 2 14 7 35 34 34 10 0 
