10 4
0 15 22 39 23 2 28 26 33 15 
15 0 26 25 11 1 2 22 24 5 
22 26 0 28 38 8 31 5 3 18 
39 25 28 0 4 4 8 39 21 6 
23 11 38 4 0 28 6 17 6 38 
2 1 8 4 28 0 27 36 3 21 
28 2 31 8 6 27 0 19 31 24 
26 22 5 39 17 36 19 0 35 20 
33 24 3 21 6 3 31 35 0 30 
15 5 18 6 38 21 24 20 30 0 
